W1:1.3775982557644253e-06
b1:1.2555362899592835e-05
W2:6.466306721463768e-09
b2:1.404993515502495e-07
